This file is: 3G_normalUtil_normalError_Info.txt

This file contains basic information about the simulation files contained in this folder.

Based on 1000  Iterations

Rounds Limit = FALSE 

3 Groups:  35 30 35 

Utility Drawn From: 
Group 1: normal(-0.3,0.2)
Group 2: normal(0,0.2)
Group 3: normal(0.3,0.2)

Error Drawn From: 
Group 1: normal(0,0.3)
Group 2: normal(0,0.3)
Group 3: normal(0,0.3)

Group Alpha: 
Group 1: .1
Group 2: .1
Group 3: .1
Per-Round Decision Cost:  0.1 

Min Rounds of Voting by kMaj:  

Mean Rounds of Voting by kMaj:  1 1 1 1 1 1 1 1 1 1 1 1 1 1 1 1 1 1 1 1 1 1 1 1 1 1 1 1 1 1 1 1 1 1 1 1 1 1.001 1.002 1.008 1.015 1.027 1.043 1.069 1.099 1.148 1.214 1.289 1.371 1.468 1.563 1.67 1.78 1.894 2.007 2.116 2.223 2.337 2.458 2.587 2.714 2.835 2.945 3.077 3.18 3.285 3.418 3.536 3.664 3.79 3.894 4.049 4.176 4.315 4.448 4.59 4.717 4.858 5.01 5.177 5.321 5.495 5.665 5.822 6.019 6.204 6.385 6.594 6.806 7.019 7.246 7.493 7.786 8.094 8.404 8.775 9.22 9.752 10.577 11.81 

Max Rounds of Voting by kMaj:  

Mean Proposals Considered by kMaj:  1 1 1 1 1 1 1 1 1 1 1 1 1 1 1 1 1 1 1 1 1 1 1 1 1 1 1 1 1 1 1 1 1 1 1 1 1 1.001 1.002 1.008 1.015 1.027 1.043 1.069 1.099 1.148 1.214 1.289 1.371 1.468 1.563 1.67 1.78 1.894 2.007 2.116 2.223 2.337 2.458 2.587 2.714 2.835 2.945 3.077 3.18 3.285 3.418 3.536 3.664 3.79 3.894 4.049 4.176 4.315 4.448 4.59 4.717 4.858 5.01 5.177 5.321 5.495 5.665 5.822 6.019 6.204 6.385 6.594 6.806 7.019 7.246 7.493 7.786 8.094 8.404 8.775 9.22 9.752 10.577 11.81 

Decision Costs by kMaj:  0.1 0.1 0.1 0.1 0.1 0.1 0.1 0.1 0.1 0.1 0.1 0.1 0.1 0.1 0.1 0.1 0.1 0.1 0.1 0.1 0.1 0.1 0.1 0.1 0.1 0.1 0.1 0.1 0.1 0.1 0.1 0.1 0.1 0.1 0.1 0.1 0.1 0.1001 0.1002 0.1008 0.1015 0.1027 0.1043 0.1069 0.1099 0.1148 0.1214 0.1289 0.1371 0.1468 0.1563 0.167 0.178 0.1894 0.2007 0.2116 0.2223 0.2337 0.2458 0.2587 0.2714 0.2835 0.2945 0.3077 0.318 0.3285 0.3418 0.3536 0.3664 0.379 0.3894 0.4049 0.4176 0.4315 0.4448 0.459 0.4717 0.4858 0.501 0.5177 0.5321 0.5495 0.5665 0.5822 0.6019 0.6204 0.6385 0.6594 0.6806 0.7019 0.7246 0.7493 0.7786 0.8094 0.8404 0.8775 0.922 0.9752 1.0577 1.181 

Mean Expected Utility by kMaj:  0.0005279365 0.0005279365 0.0005279365 0.0005279365 0.0005279365 0.0005279365 0.0005279365 0.0005279365 0.0005279365 0.0005279365 0.0005279365 0.0005279365 0.0005279365 0.0005279365 0.0005279365 0.0005279365 0.0005279365 0.0005279365 0.0005279365 0.0005279365 0.0005279365 0.0005279365 0.0005279365 0.0005279365 0.0005279365 0.0005279365 0.0005279365 0.0005279365 0.0005279365 0.0005279365 0.0005279365 0.0005279365 0.0005279365 0.0005279365 0.0005279365 0.0005279365 0.0005279365 0.0006299796 0.0007627271 0.001482688 0.002163318 0.003565822 0.00540456 0.008067787 0.01145337 0.01689791 0.02408699 0.03180949 0.04046698 0.04999494 0.05934525 0.07059513 0.08176517 0.09290904 0.1043254 0.114902 0.1254107 0.1368553 0.1490051 0.1618267 0.1744823 0.1866128 0.1978466 0.2113358 0.2217079 0.2323193 0.2460183 0.2578323 0.2706114 0.2828915 0.2932065 0.308886 0.3213998 0.3354438 0.348939 0.3629037 0.3759372 0.3900868 0.4045919 0.4214029 0.4358133 0.4531316 0.4705811 0.4860905 0.5054807 0.5238728 0.5419867 0.5633776 0.584515 0.6059752 0.629193 0.653816 0.6827448 0.7130115 0.7444087 0.7810753 0.8255254 0.878962 0.9616284 1.084013 

Best Expected Utility by kMaj:  0.3007127 0.3007127 0.3007127 0.3007127 0.3007127 0.3007127 0.3007127 0.3007127 0.3007127 0.3007127 0.3007127 0.3007127 0.3007127 0.3007127 0.3007127 0.3007127 0.3007127 0.3007127 0.3007127 0.3007127 0.3007127 0.3007127 0.3007127 0.3007127 0.3007127 0.3007127 0.3007127 0.3007127 0.3007127 0.3007127 0.3007127 0.3007127 0.3007127 0.3007127 0.3007127 0.3007127 0.3007127 0.300863 0.3010099 0.3018501 0.3024325 0.3037252 0.3057871 0.308581 0.3120598 0.3170946 0.3240899 0.3318137 0.3398939 0.3493247 0.3590251 0.3700115 0.3813566 0.3923815 0.4035208 0.4142622 0.4247779 0.4362938 0.4477402 0.4601791 0.4728319 0.4844695 0.4953738 0.5086702 0.5187783 0.5293329 0.5434921 0.5549354 0.5677806 0.5802568 0.5902597 0.6060554 0.6187291 0.6327646 0.6464241 0.6603242 0.6733821 0.6871837 0.7012348 0.7177827 0.7317743 0.7491045 0.766375 0.78218 0.801242 0.8194874 0.8382786 0.8598267 0.8817076 0.9031925 0.926715 0.9511205 0.9802775 1.010078 1.040717 1.076574 1.122189 1.176568 1.259779 1.38192 

Worst Expected Utility by kMaj:  -0.2991777 -0.2991777 -0.2991777 -0.2991777 -0.2991777 -0.2991777 -0.2991777 -0.2991777 -0.2991777 -0.2991777 -0.2991777 -0.2991777 -0.2991777 -0.2991777 -0.2991777 -0.2991777 -0.2991777 -0.2991777 -0.2991777 -0.2991777 -0.2991777 -0.2991777 -0.2991777 -0.2991777 -0.2991777 -0.2991777 -0.2991777 -0.2991777 -0.2991777 -0.2991777 -0.2991777 -0.2991777 -0.2991777 -0.2991777 -0.2991777 -0.2991777 -0.2991777 -0.2990776 -0.2989525 -0.2982754 -0.2975535 -0.2960334 -0.2942726 -0.2916371 -0.288702 -0.2833253 -0.2761524 -0.2689379 -0.2605624 -0.2510361 -0.241463 -0.2294713 -0.2181319 -0.2063969 -0.1947823 -0.1840832 -0.1737968 -0.1628721 -0.1501372 -0.1374526 -0.1249652 -0.1122801 -0.1009225 -0.08679784 -0.07638348 -0.06491075 -0.05126668 -0.03879569 -0.02628482 -0.01438765 -0.003593485 0.0117567 0.0246433 0.03901549 0.05187785 0.06604015 0.07929693 0.09354884 0.1083331 0.1241713 0.1386133 0.1557557 0.1729292 0.1888205 0.208064 0.2267737 0.2444356 0.2666982 0.28784 0.3092937 0.33305 0.3579613 0.3861287 0.4168212 0.4487046 0.4854916 0.5296022 0.5821038 0.6648532 0.7880059 

Mean Total Cost w/ Expected Utility by kMaj:  0.1005279 0.1005279 0.1005279 0.1005279 0.1005279 0.1005279 0.1005279 0.1005279 0.1005279 0.1005279 0.1005279 0.1005279 0.1005279 0.1005279 0.1005279 0.1005279 0.1005279 0.1005279 0.1005279 0.1005279 0.1005279 0.1005279 0.1005279 0.1005279 0.1005279 0.1005279 0.1005279 0.1005279 0.1005279 0.1005279 0.1005279 0.1005279 0.1005279 0.1005279 0.1005279 0.1005279 0.1005279 0.10073 0.1009627 0.1022827 0.1036633 0.1062658 0.1097046 0.1149678 0.1213534 0.1316979 0.145487 0.1607095 0.177567 0.1967949 0.2156452 0.2375951 0.2597652 0.282309 0.3050254 0.326502 0.3477107 0.3705553 0.3948051 0.4205267 0.4458823 0.4701128 0.4923466 0.5190358 0.5397079 0.5608193 0.5878183 0.6114323 0.6370114 0.6618915 0.6826065 0.713786 0.7389998 0.7669438 0.793739 0.8219037 0.8476372 0.8758868 0.9055919 0.9391029 0.9679133 1.002632 1.037081 1.068291 1.107381 1.144273 1.180487 1.222778 1.265115 1.307875 1.353793 1.403116 1.461345 1.522411 1.584809 1.658575 1.747525 1.854162 2.019328 2.265013 

Best Total Cost w/ Expected Utility by kMaj:  0.4007127 0.4007127 0.4007127 0.4007127 0.4007127 0.4007127 0.4007127 0.4007127 0.4007127 0.4007127 0.4007127 0.4007127 0.4007127 0.4007127 0.4007127 0.4007127 0.4007127 0.4007127 0.4007127 0.4007127 0.4007127 0.4007127 0.4007127 0.4007127 0.4007127 0.4007127 0.4007127 0.4007127 0.4007127 0.4007127 0.4007127 0.4007127 0.4007127 0.4007127 0.4007127 0.4007127 0.4007127 0.400963 0.4012099 0.4026501 0.4039325 0.4064252 0.4100871 0.415481 0.4219598 0.4318946 0.4454899 0.4607137 0.4769939 0.4961247 0.5153251 0.5370115 0.5593566 0.5817815 0.6042208 0.6258622 0.6470779 0.6699938 0.6935402 0.7188791 0.7442319 0.7679695 0.7898738 0.8163702 0.8367783 0.8578329 0.8852921 0.9085354 0.9341806 0.9592568 0.9796597 1.010955 1.036329 1.064265 1.091224 1.119324 1.145082 1.172984 1.202235 1.235483 1.263874 1.298605 1.332875 1.36438 1.403142 1.439887 1.476779 1.519227 1.562308 1.605092 1.651315 1.70042 1.758878 1.819478 1.881117 1.954074 2.044189 2.151768 2.317479 2.56292 

Worst Total Cost w/ Expected Utility by kMaj:  -0.1991777 -0.1991777 -0.1991777 -0.1991777 -0.1991777 -0.1991777 -0.1991777 -0.1991777 -0.1991777 -0.1991777 -0.1991777 -0.1991777 -0.1991777 -0.1991777 -0.1991777 -0.1991777 -0.1991777 -0.1991777 -0.1991777 -0.1991777 -0.1991777 -0.1991777 -0.1991777 -0.1991777 -0.1991777 -0.1991777 -0.1991777 -0.1991777 -0.1991777 -0.1991777 -0.1991777 -0.1991777 -0.1991777 -0.1991777 -0.1991777 -0.1991777 -0.1991777 -0.1989776 -0.1987525 -0.1974754 -0.1960535 -0.1933334 -0.1899726 -0.1847371 -0.178802 -0.1685253 -0.1547524 -0.1400379 -0.1234624 -0.1042361 -0.08516297 -0.06247132 -0.04013186 -0.01699688 0.005917667 0.0275168 0.04850322 0.07082785 0.09566277 0.1212474 0.1464348 0.1712199 0.1935775 0.2209022 0.2416165 0.2635893 0.2905333 0.3148043 0.3401152 0.3646123 0.3858065 0.4166567 0.4422433 0.4705155 0.4966778 0.5250402 0.5509969 0.5793488 0.6093331 0.6418713 0.6707133 0.7052557 0.7394292 0.7710205 0.809964 0.8471737 0.8829356 0.9260982 0.96844 1.011194 1.05765 1.107261 1.164729 1.226221 1.289105 1.362992 1.451602 1.557304 1.722553 1.969006 

