This file is: 3G_normalUtil_normalError_Info.txt

This file contains basic information about the simulation files contained in this folder.

Based on 1000  Iterations

Rounds Limit = 10000 

3 Groups:  50 30 20 

Utility Drawn From: 
Group 1: normal(-0.5,0.2)
Group 2: normal(0,0.2)
Group 3: normal(0.1,0.2)

Error Drawn From: 
Group 1: normal(0,0.3)
Group 2: normal(0,0.3)
Group 3: normal(0,0.3)

Group Alpha: 
Group 1: -.1/r
Group 2: .1/r
Group 3: .1/r
Per-Round Decision Cost:  0.01 

Min Rounds of Voting by kMaj:  

Mean Rounds of Voting by kMaj:  1 1 1 1 1 1 1 1 1 1 1 1 1 1 1 1 1 1 1 1 1.001 1.002 1.009 1.02 1.046 1.074 1.122 1.181 1.268 1.404 1.557 1.749 1.961 2.198 2.497 2.878 3.31 3.853 4.464 5.33 6.405 7.809 9.552 12.327 15.827 20.374 28.502 40.721 63.468 118.441 449.394 28.767 0 0 0 0 0 0 0 0 0 0 0 0 0 0 0 0 0 0 0 0 0 0 0 0 0 0 0 0 0 0 0 0 0 0 0 0 0 0 0 0 0 0 0 0 0 0 0 0 

Max Rounds of Voting by kMaj:  

Mean Proposals Considered by kMaj:  1 1 1 1 1 1 1 1 1 1 1 1 1 1 1 1 1 1 1 1 1.001 1.002 1.009 1.02 1.046 1.074 1.122 1.181 1.268 1.404 1.557 1.749 1.961 2.198 2.497 2.878 3.31 3.853 4.464 5.33 6.405 7.809 9.552 12.327 15.827 20.374 28.502 40.721 63.468 118.441 3009.394 9408.767 10000 10000 10000 10000 10000 10000 10000 10000 10000 10000 10000 10000 10000 10000 10000 10000 10000 10000 10000 10000 10000 10000 10000 10000 10000 10000 10000 10000 10000 10000 10000 10000 10000 10000 10000 10000 10000 10000 10000 10000 10000 10000 10000 10000 10000 10000 10000 10000 

Decision Costs by kMaj:  0.01 0.01 0.01 0.01 0.01 0.01 0.01 0.01 0.01 0.01 0.01 0.01 0.01 0.01 0.01 0.01 0.01 0.01 0.01 0.01 0.01001 0.01002 0.01009 0.0102 0.01046 0.01074 0.01122 0.01181 0.01268 0.01404 0.01557 0.01749 0.01961 0.02198 0.02497 0.02878 0.0331 0.03853 0.04464 0.0533 0.06405 0.07809 0.09552 0.12327 0.15827 0.20374 0.28502 0.40721 0.63468 1.18441 30.09394 94.08767 100 100 100 100 100 100 100 100 100 100 100 100 100 100 100 100 100 100 100 100 100 100 100 100 100 100 100 100 100 100 100 100 100 100 100 100 100 100 100 100 100 100 100 100 100 100 100 100 

Mean External Cost by kMaj:  0.2827754 0.2827754 0.2827754 0.2827754 0.2827754 0.2827754 0.2827754 0.2827754 0.2827754 0.2827754 0.2827754 0.2827754 0.2827754 0.2827754 0.2827754 0.2827754 0.2827754 0.2827754 0.2827754 0.2827754 0.2827928 0.2827897 0.2829905 0.283221 0.2839407 0.2845847 0.2859094 0.287594 0.2900644 0.2936718 0.2973626 0.3021902 0.306587 0.3118061 0.3173125 0.3241508 0.3304856 0.3377522 0.3446992 0.353186 0.3626376 0.372959 0.3816516 0.3946678 0.4062298 0.4188534 0.4354905 0.4533826 0.4746766 0.503922 0.4134893 0.03350195 0 0 0 0 0 0 0 0 0 0 0 0 0 0 0 0 0 0 0 0 0 0 0 0 0 0 0 0 0 0 0 0 0 0 0 0 0 0 0 0 0 0 0 0 0 0 0 0 

Best External Cost by kMaj:  0.037719 0.037719 0.037719 0.037719 0.037719 0.037719 0.037719 0.037719 0.037719 0.037719 0.037719 0.037719 0.037719 0.037719 0.037719 0.037719 0.037719 0.037719 0.037719 0.037719 0.03772254 0.03767638 0.03740535 0.0371004 0.03640882 0.03560968 0.03459272 0.03334018 0.03136268 0.02810923 0.02526234 0.02231352 0.01972827 0.01709859 0.01466645 0.01173683 0.00982976 0.007904842 0.006228429 0.004724249 0.003607997 0.002619067 0.001878935 0.001148118 0.0007891704 0.0004432936 0.0002569794 0.0001348514 2.951517e-05 5.561112e-06 0 0 0 0 0 0 0 0 0 0 0 0 0 0 0 0 0 0 0 0 0 0 0 0 0 0 0 0 0 0 0 0 0 0 0 0 0 0 0 0 0 0 0 0 0 0 0 0 0 0 

Worst External Cost by kMaj:  0.5016195 0.5016195 0.5016195 0.5016195 0.5016195 0.5016195 0.5016195 0.5016195 0.5016195 0.5016195 0.5016195 0.5016195 0.5016195 0.5016195 0.5016195 0.5016195 0.5016195 0.5016195 0.5016195 0.5016195 0.5016764 0.5017344 0.5025173 0.5034339 0.5060104 0.5085645 0.5129433 0.518396 0.5263448 0.537862 0.5491161 0.5632319 0.5763481 0.5906723 0.6055973 0.6240745 0.6402552 0.6582171 0.6748291 0.694419 0.715476 0.7381972 0.7573253 0.7850715 0.8093293 0.8355358 0.8695989 0.905897 0.9489531 1.007658 0.8269353 0.06699607 0 0 0 0 0 0 0 0 0 0 0 0 0 0 0 0 0 0 0 0 0 0 0 0 0 0 0 0 0 0 0 0 0 0 0 0 0 0 0 0 0 0 0 0 0 0 0 0 

Mean Total Cost by kMaj:  0.2927754 0.2927754 0.2927754 0.2927754 0.2927754 0.2927754 0.2927754 0.2927754 0.2927754 0.2927754 0.2927754 0.2927754 0.2927754 0.2927754 0.2927754 0.2927754 0.2927754 0.2927754 0.2927754 0.2927754 0.2928028 0.2928097 0.2930805 0.293421 0.2944007 0.2953247 0.2971294 0.299404 0.3027444 0.3077118 0.3129326 0.3196802 0.326197 0.3337861 0.3422825 0.3529308 0.3635856 0.3762822 0.3893392 0.406486 0.4266876 0.451049 0.4771716 0.5179378 0.5644998 0.6225934 0.7205105 0.8605926 1.109357 1.688332 30.50743 94.12117 100 100 100 100 100 100 100 100 100 100 100 100 100 100 100 100 100 100 100 100 100 100 100 100 100 100 100 100 100 100 100 100 100 100 100 100 100 100 100 100 100 100 100 100 100 100 100 100 

Best Total Cost by kMaj:  0.047719 0.047719 0.047719 0.047719 0.047719 0.047719 0.047719 0.047719 0.047719 0.047719 0.047719 0.047719 0.047719 0.047719 0.047719 0.047719 0.047719 0.047719 0.047719 0.047719 0.04773254 0.04769638 0.04749535 0.0473004 0.04686882 0.04634968 0.04581272 0.04515018 0.04404268 0.04214923 0.04083234 0.03980352 0.03933827 0.03907859 0.03963645 0.04051683 0.04292976 0.04643484 0.05086843 0.05802425 0.067658 0.08070907 0.09739894 0.1244181 0.1590592 0.2041833 0.285277 0.4073449 0.6347095 1.184416 30.09394 94.08767 100 100 100 100 100 100 100 100 100 100 100 100 100 100 100 100 100 100 100 100 100 100 100 100 100 100 100 100 100 100 100 100 100 100 100 100 100 100 100 100 100 100 100 100 100 100 100 100 

Worst Total Cost by kMaj:  0.5116195 0.5116195 0.5116195 0.5116195 0.5116195 0.5116195 0.5116195 0.5116195 0.5116195 0.5116195 0.5116195 0.5116195 0.5116195 0.5116195 0.5116195 0.5116195 0.5116195 0.5116195 0.5116195 0.5116195 0.5116864 0.5117544 0.5126073 0.5136339 0.5164704 0.5193045 0.5241633 0.530206 0.5390248 0.551902 0.5646861 0.5807219 0.5959581 0.6126523 0.6305673 0.6528545 0.6733552 0.6967471 0.7194691 0.747719 0.779526 0.8162872 0.8528453 0.9083415 0.9675993 1.039276 1.154619 1.313107 1.583633 2.192068 30.92088 94.15467 100 100 100 100 100 100 100 100 100 100 100 100 100 100 100 100 100 100 100 100 100 100 100 100 100 100 100 100 100 100 100 100 100 100 100 100 100 100 100 100 100 100 100 100 100 100 100 100 

